1
90 8 7
122 129 97 127 86 177 190 166 39 190 193 148 22 36 13 194 74 166 146 115 25 14 177 27 165 168 54 196 58 82 105 181 12 154 60 50 84 50 16 123 40 9 71 14 197 36 8 71 2 106 139 28 120 68 55 37 37 62 185 95 144 90 28 156 197 88 159 33 90 175 156 130 185 179 145 182 168 105 6 170 12 97 150 84 165 158 122 154 20 107 
50 116 150 30 25 99 71 184 132 161 159 40 44 144 171 189 79 139 94 37 62 106 86 12 191 51 122 65 158 142 124 160 59 74 190 84 125 13 20 57 175 179 49 171 76 21 160 107 112 6 96 174 65 182 139 8 185 61 73 143 156 149 103 167 176 46 3 101 59 23 111 186 2 160 157 30 181 69 137 46 76 33 20 93 15 111 101 153 173 126 
96 81 75 0 48 51 198 3 105 57 26 16 44 180 176 153 11 110 23 100 156 99 134 128 192 101 40 45 54 165 123 103 46 198 55 46 2 53 49 107 62 27 123 106 7 51 12 170 161 35 71 69 86 157 198 30 58 38 75 65 155 198 120 1 148 175 199 102 180 0 161 42 179 36 101 186 88 113 109 1 148 132 71 186 89 69 16 99 59 43 
116 14 41 36 167 141 11 118 196 143 118 157 186 97 194 39 35 34 152 96 35 52 28 106 38 117 127 6 17 138 49 133 152 42 170 71 183 133 189 179 29 59 89 15 156 83 6 144 117 158 40 104 162 69 163 152 138 42 158 155 181 7 41 133 49 163 157 184 48 146 164 77 6 5 44 114 88 50 58 157 160 51 13 74 72 176 26 10 19 184 
118 0 191 159 85 192 74 194 177 122 141 93 152 99 98 196 13 138 199 24 47 111 75 60 186 147 189 12 157 8 197 75 160 140 186 197 133 60 192 62 183 85 155 87 184 53 83 197 191 34 21 190 146 96 50 84 195 39 96 153 199 45 180 159 186 167 109 71 27 101 133 162 138 40 49 122 93 85 119 36 71 93 26 169 189 28 53 137 68 150 
90 67 195 22 179 133 189 88 156 169 141 41 131 31 81 133 153 174 170 72 162 41 165 140 11 107 169 64 44 189 166 86 56 114 108 187 199 50 27 156 19 120 197 102 151 31 35 104 5 5 129 120 199 46 60 10 105 181 26 101 170 145 139 179 11 48 166 10 50 146 118 69 66 68 171 18 99 159 74 56 116 155 176 115 2 189 77 59 170 56 
161 93 153 100 72 164 100 190 174 150 136 93 171 3 113 95 173 12 54 199 20 170 155 197 38 157 138 67 168 60 123 129 153 76 182 177 192 82 168 167 185 104 12 156 59 77 51 32 89 57 32 109 180 139 58 18 48 148 37 16 9 113 146 114 141 128 44 134 162 12 53 147 68 65 56 128 142 107 112 183 117 96 44 97 35 55 67 83 3 104 
52 164 169 198 31 111 78 75 45 192 39 98 140 107 115 148 35 9 7 148 192 124 196 188 173 32 43 40 67 199 97 119 163 66 69 146 129 147 173 174 140 12 24 32 120 139 180 107 100 187 7 44 64 4 33 37 188 76 30 55 27 127 127 143 145 196 89 75 96 63 1 188 27 26 20 147 117 152 7 18 91 14 62 155 170 47 145 158 76 175 
